8.434347274752330037e+00
6.392853425738246997e+00
3.789768202950900555e+00
3.889839717728486690e+00
4.363477651789427370e+00
4.748070032468285184e+00
4.637678533765848599e+00
5.025620206972952531e+00
6.418619054648790012e+00
3.701169498209284647e+00
4.875573866853797789e+00
5.667792634388374218e+00
3.296354006649652835e+00
5.983293219086361248e+00
3.946356990577867041e+00
6.653556467528635388e+00
4.201630333656376948e+00
7.402017318552840841e+00
5.518666494657750832e+00
5.480029323772945382e+00
5.744916666243326198e+00
4.915127909778586712e+00
6.107478386481912658e+00
6.503712480995736733e+00
4.743546290912887820e+00
3.596200845552715464e+00
3.372797907507425919e+00
4.545008810840433178e+00
4.786324053976501069e+00
4.484524751557360744e+00
