6.785205512231890168e+00
5.188288604257226488e+00
5.084857533820268394e+00
1.050515837044342149e+00
3.885324490981484580e+00
5.554595700876426179e+00
3.910627484921803898e+00
5.551028518425197511e+00
4.883263687642894091e+00
5.124899336473799139e+00
7.253622733593982908e+00
2.818041884188903001e+00
2.628909701880769667e+00
4.160903909351254981e+00
3.210414559666772583e+00
4.041519470121584412e+00
5.433411803254736938e+00
4.422879517443760733e+00
5.661872114300906311e+00
4.430779088432090340e+00
4.079712217618913783e+00
3.428817494020486745e+00
4.609924154486723324e+00
7.766894317325696129e+00
6.593687936278894490e+00
3.360647884392636620e+00
4.075868541249231924e+00
5.486035140357548023e+00
4.011505687414622656e+00
3.967426397946095307e+00
