1.349308252334594727e+00
1.982476413249969482e-01
1.284644901752471924e-01
1.052830666303634644e-01
7.789646089076995850e-02
5.293743684887886047e-02
3.995906934142112732e-02
3.529926016926765442e-02
3.170390799641609192e-02
2.920489758253097534e-02
2.627928368747234344e-02
2.423423528671264648e-02
2.377087995409965515e-02
2.207630872726440430e-02
1.975455507636070251e-02
1.870621927082538605e-02
1.766522973775863647e-02
1.704863645136356354e-02
1.597074046730995178e-02
1.481855101883411407e-02
1.401733048260211945e-02
1.378944795578718185e-02
1.328145153820514679e-02
1.270211115479469299e-02
1.192553713917732239e-02
1.148974709212779999e-02
1.131281070411205292e-02
1.100008096545934677e-02
1.073254831135272980e-02
1.002213731408119202e-02
9.933321736752986908e-03
9.770251810550689697e-03
9.051710367202758789e-03
9.051710367202758789e-03
8.843456394970417023e-03
8.843456394970417023e-03
8.321779780089855194e-03
8.318535983562469482e-03
8.054891601204872131e-03
7.658033631742000580e-03
7.658033631742000580e-03
7.131874561309814453e-03
6.789051461964845657e-03
6.699106190353631973e-03
6.696020253002643585e-03
6.190307438373565674e-03
5.936636589467525482e-03
5.381274502724409103e-03
5.064835771918296814e-03
4.872759338468313217e-03
4.389828536659479141e-03
4.388066940009593964e-03
3.976583015173673630e-03
3.443300724029541016e-03
3.443300724029541016e-03
3.424405818805098534e-03
3.045875811949372292e-03
2.986839972436428070e-03
2.891346579417586327e-03
2.728319028392434120e-03
2.505038399249315262e-03
2.407041145488619804e-03
2.369894180446863174e-03
2.369894180446863174e-03
2.095536561682820320e-03
2.095536561682820320e-03
1.900774543173611164e-03
1.839010394178330898e-03
1.839010394178330898e-03
1.839010394178330898e-03
1.824079314246773720e-03
1.769434195011854172e-03
1.616623951122164726e-03
1.616623951122164726e-03
1.582954195328056812e-03
1.558796735480427742e-03
1.509850844740867615e-03
1.509850844740867615e-03
1.387912081554532051e-03
1.387912081554532051e-03
1.374633167870342731e-03
1.337480149231851101e-03
1.337480149231851101e-03
1.274606212973594666e-03
1.274606212973594666e-03
1.263491809368133545e-03
1.222593244165182114e-03
1.222593244165182114e-03
1.109148142859339714e-03
1.109148142859339714e-03
1.109148142859339714e-03
1.053803367540240288e-03
1.053803367540240288e-03
1.053803367540240288e-03
1.053803367540240288e-03
1.053803367540240288e-03
1.032484811730682850e-03
1.032484811730682850e-03
1.024703611619770527e-03
9.873933158814907074e-04
9.854912059381604195e-04
9.396401001140475273e-04
9.165675146505236626e-04
9.165675146505236626e-04
9.165675146505236626e-04
9.161801426671445370e-04
8.517132373526692390e-04
8.517132373526692390e-04
8.315283339470624924e-04
8.315283339470624924e-04
8.152382215484976768e-04
8.138924022205173969e-04
7.842725026421248913e-04
7.262689759954810143e-04
7.262689759954810143e-04
7.262689759954810143e-04
7.262689759954810143e-04
7.151853642426431179e-04
7.151853642426431179e-04
7.151853642426431179e-04
7.151853642426431179e-04
7.151853642426431179e-04
6.378496182151138783e-04
6.378496182151138783e-04
6.378496182151138783e-04
6.378496182151138783e-04
6.378496182151138783e-04
6.094977143220603466e-04
6.094977143220603466e-04
6.094977143220603466e-04
6.094977143220603466e-04
5.964306183159351349e-04
5.964306183159351349e-04
5.852059694007039070e-04
5.826744018122553825e-04
5.826744018122553825e-04
5.826744018122553825e-04
5.658821901306509972e-04
5.658821901306509972e-04
5.606901249848306179e-04
5.606901249848306179e-04
5.606901249848306179e-04
5.194642581045627594e-04
5.012972396798431873e-04
5.012972396798431873e-04
5.012972396798431873e-04
5.012972396798431873e-04
5.012972396798431873e-04
4.750815860461443663e-04
4.750815860461443663e-04
4.726882907561957836e-04
4.726882907561957836e-04
4.726882907561957836e-04
4.647178575396537781e-04
4.647178575396537781e-04
4.647178575396537781e-04
4.602997796609997749e-04
4.602997796609997749e-04
4.602997796609997749e-04
4.602997796609997749e-04
4.602997796609997749e-04
4.602997796609997749e-04
4.393116687424480915e-04
4.216287925373762846e-04
4.216287925373762846e-04
4.216287925373762846e-04
4.216287925373762846e-04
4.216287925373762846e-04
4.216287925373762846e-04
4.216287925373762846e-04
3.775594523176550865e-04
3.775594523176550865e-04
3.775594523176550865e-04
3.775594523176550865e-04
3.775594523176550865e-04
3.775594523176550865e-04
3.775594523176550865e-04
3.775594523176550865e-04
3.722504479810595512e-04
3.722504479810595512e-04
3.722504479810595512e-04
3.722504479810595512e-04
3.722504479810595512e-04
3.722504479810595512e-04
3.722504479810595512e-04
3.722504479810595512e-04
3.722504479810595512e-04
3.722504479810595512e-04
3.722504479810595512e-04
3.722504479810595512e-04
3.511254326440393925e-04
3.511254326440393925e-04
3.511254326440393925e-04
3.462437889538705349e-04
3.462437889538705349e-04
3.440913860686123371e-04
3.440913860686123371e-04
3.371835628058761358e-04
3.371835628058761358e-04
3.371835628058761358e-04
